0 0
1 8  4 9  4 17  5 13  5 14  7 10  12 17  13 17  13 20  17 19  0 0
2 3  2 18  4 5  4 6  5 8  6 18  8 14  9 10  10 13  10 18  0 0
1 3  1 10  1 16  2 3  2 14  6 7  9 14  10 18  13 14  14 15  0 0
2 15  3 20  4 18  9 17  10 11  11 18  12 16  12 19  15 17  15 18  0 0
1 4  5 18  6 9  7 12  7 14  9 12  10 12  11 18  11 20  16 19  0 0
1 5  1 11  2 16  2 17  5 9  6 12  8 10  11 15  12 14  17 19  0 0
1 7  2 15  3 10  3 16  3 17  5 6  5 15  6 14  14 17  18 19  0 0
2 17  3 10  4 10  4 17  6 17  7 18  11 14  14 19  14 20  16 18  0 0
1 5  2 9  2 19  4 13  4 16  7 13  11 19  12 15  13 18  15 19  0 0
1 5  1 16  2 5  2 6  5 17  6 14  11 16  11 17  12 17  13 19  0 0
-1 -1
